# Residuals         
# Time              	p                   	Ux                  	Uy                  	Uz                  
1                   	9.999999961770e-01	9.999999976580e-01	1.000000000000e+00	1.000000000000e+00
2                   	1.105751659690e-01	1.617526494420e-01	4.675360283610e-01	4.362463671840e-01
3                   	2.008989578310e-01	1.172216084380e-01	3.680005266070e-01	3.410120005800e-01
4                   	3.500495093910e-01	5.427188094270e-01	6.569877585230e-01	6.569195107530e-01
5                   	4.120531925810e-01	4.924782529270e-01	5.822580394730e-01	5.809203256080e-01
6                   	3.171972066490e-01	4.270042619110e-01	4.831963291380e-01	4.994536579990e-01
7                   	1.688717262190e-01	3.694642992070e-01	3.693332579240e-01	3.842150115140e-01
8                   	1.817693329710e-01	3.160689170190e-01	3.175664617040e-01	3.340552132370e-01
9                   	1.922327368270e-01	2.905333253640e-01	3.097027051390e-01	3.149186128820e-01
10                  	1.442889575820e-01	2.490949555570e-01	2.698527507630e-01	2.808944763070e-01
11                  	1.132792896840e-01	1.973938484570e-01	2.409399457640e-01	2.409017614060e-01
12                  	9.317020281710e-02	1.608474014820e-01	2.131142367490e-01	2.120924175760e-01
13                  	8.137132736490e-02	1.443782331790e-01	1.950066037830e-01	1.936401397110e-01
14                  	7.676084526770e-02	1.427546016290e-01	1.892678797040e-01	1.908748921870e-01
15                  	7.786946841340e-02	1.533965150040e-01	2.023443037940e-01	2.012215943090e-01
16                  	7.967869283860e-02	1.668129791460e-01	2.254313481570e-01	2.198044448110e-01
17                  	8.122175152830e-02	1.821232759940e-01	2.477998984830e-01	2.405122479070e-01
18                  	8.724117572020e-02	1.912057832710e-01	2.606723887190e-01	2.534030286100e-01
19                  	9.083025572700e-02	1.943654643210e-01	2.628234044240e-01	2.558041736210e-01
20                  	9.249040635330e-02	1.930551646000e-01	2.614163110060e-01	2.519735234130e-01
21                  	9.389123879770e-02	1.944417936660e-01	2.615879877720e-01	2.473426982570e-01
22                  	9.362149579580e-02	1.926394785150e-01	2.635023924070e-01	2.423001258960e-01
23                  	9.322917830970e-02	1.856047884270e-01	2.654338558910e-01	2.422506250990e-01
24                  	9.247008180750e-02	1.764845719370e-01	2.649104196710e-01	2.462138509340e-01
25                  	9.510793941780e-02	1.684804805440e-01	2.653014502430e-01	2.526186790350e-01
26                  	9.961707249470e-02	1.604752437250e-01	2.610665353270e-01	2.561978163860e-01
27                  	1.007435395850e-01	1.515735487770e-01	2.517388772960e-01	2.554067670030e-01
28                  	9.990954108590e-02	1.422544033980e-01	2.405572305750e-01	2.541739155420e-01
29                  	9.701106906190e-02	1.344757223730e-01	2.373034304000e-01	2.544090145020e-01
30                  	9.607437655180e-02	1.258219088770e-01	2.473645836560e-01	2.554378211780e-01
31                  	9.637539993210e-02	1.164969236680e-01	2.580731696970e-01	2.512406333660e-01
32                  	9.616772168390e-02	1.074620946880e-01	2.537155495410e-01	2.373976742900e-01
33                  	9.386350272620e-02	9.898830121890e-02	2.369415727260e-01	2.173093700730e-01
34                  	9.027397088750e-02	9.152107994870e-02	2.174098637200e-01	1.986852574910e-01
35                  	8.623306954560e-02	8.426861121490e-02	2.002226667920e-01	1.853967084310e-01
36                  	8.275851697900e-02	7.681322367910e-02	1.884193901910e-01	1.733303631850e-01
37                  	7.968784573720e-02	6.965925076230e-02	1.774732620150e-01	1.623788551120e-01
38                  	7.705946716970e-02	6.271254815600e-02	1.675204355230e-01	1.527427212580e-01
39                  	7.445246279100e-02	5.657806517780e-02	1.582728562450e-01	1.440038009430e-01
40                  	7.177457554860e-02	5.132383909990e-02	1.494901315850e-01	1.365798460650e-01
41                  	6.936470851270e-02	4.712941138730e-02	1.407536676650e-01	1.297609585780e-01
42                  	6.662999432400e-02	4.376243117190e-02	1.317315643140e-01	1.224162358760e-01
43                  	6.382735193610e-02	4.065499345320e-02	1.221315552960e-01	1.143207548910e-01
44                  	6.088361477720e-02	3.773666015090e-02	1.130381340370e-01	1.065751783950e-01
45                  	5.790087061930e-02	3.493486983770e-02	1.046326003830e-01	9.912406880820e-02
46                  	5.499911249810e-02	3.225758158950e-02	9.634192518860e-02	9.147761458190e-02
47                  	5.227538742860e-02	2.985319478900e-02	8.864243160920e-02	8.385625781470e-02
48                  	5.007351489800e-02	2.785237045930e-02	8.122241970100e-02	7.648610466860e-02
49                  	4.799171887030e-02	2.584445267030e-02	7.515489654580e-02	7.056521680720e-02
50                  	4.579112153350e-02	2.392807544890e-02	7.025618213550e-02	6.603692352550e-02
51                  	4.366186131590e-02	2.250215236470e-02	6.505452546280e-02	6.130632248690e-02
52                  	4.162350984790e-02	2.113643196240e-02	6.061597645600e-02	5.710262462660e-02
53                  	3.981398184320e-02	1.977734156110e-02	5.657030461960e-02	5.341964881830e-02
54                  	3.812671466740e-02	1.850972879130e-02	5.303734201850e-02	5.004400842920e-02
55                  	3.643261518470e-02	1.737908947230e-02	4.854521446670e-02	4.683184226880e-02
56                  	3.466532631010e-02	1.634067791200e-02	4.560195017660e-02	4.297676266750e-02
57                  	3.299430457620e-02	1.527846368570e-02	4.264544067970e-02	3.986039631170e-02
58                  	3.140182148490e-02	1.430448453520e-02	3.972949972530e-02	3.704951140990e-02
59                  	2.982237118920e-02	1.341260218010e-02	3.693629395740e-02	3.435373725340e-02
60                  	2.827595469670e-02	1.260495127970e-02	3.445199300780e-02	3.187873897340e-02
61                  	2.675233558390e-02	1.183707563650e-02	3.216729809270e-02	2.972671289900e-02
62                  	2.540486998390e-02	1.111286556040e-02	3.016092367100e-02	2.784514369060e-02
63                  	2.412935426430e-02	1.041884430430e-02	2.829577632000e-02	2.606093271020e-02
64                  	2.291387907590e-02	9.782895991300e-03	2.651754997360e-02	2.436622798140e-02
65                  	2.160824381090e-02	9.169299199400e-03	2.480150665030e-02	2.272023052910e-02
66                  	2.040464440230e-02	8.623583617180e-03	2.320482349140e-02	2.114788736220e-02
67                  	1.930337868480e-02	8.119507543390e-03	2.176274308840e-02	1.971681601980e-02
68                  	1.834327643470e-02	7.648580825320e-03	2.044973452510e-02	1.843259333500e-02
69                  	1.761990422070e-02	7.210134191780e-03	1.921827560570e-02	1.723009678220e-02
70                  	1.666571000400e-02	6.814745306700e-03	1.808288352220e-02	1.619616614820e-02
71                  	1.574105660370e-02	6.431370703950e-03	1.696894145950e-02	1.518201315910e-02
72                  	1.487667156880e-02	6.079143824010e-03	1.603694245450e-02	1.437500878050e-02
73                  	1.422684908560e-02	5.726735663560e-03	1.522486521730e-02	1.364974436540e-02
74                  	1.341826200430e-02	5.418205061670e-03	1.450289776210e-02	1.303433613590e-02
75                  	1.303485416620e-02	5.138386650180e-03	1.376669203020e-02	1.242028936950e-02
76                  	1.228901345750e-02	4.824374538760e-03	1.330946174480e-02	1.206665052300e-02
77                  	1.186469010490e-02	4.596924103290e-03	1.261263108180e-02	1.144972743950e-02
78                  	1.155164684460e-02	4.404527920480e-03	1.204614635810e-02	1.096391868630e-02
79                  	1.129828989840e-02	4.198960787560e-03	1.150310381420e-02	1.043429033900e-02
80                  	1.112372276830e-02	4.036833788470e-03	1.069221134650e-02	9.932614866300e-03
81                  	1.059668731600e-02	3.832132789900e-03	1.017900064370e-02	9.374601661160e-03
82                  	1.017833737150e-02	3.664932903450e-03	9.651809889430e-03	8.768549001550e-03
83                  	9.874007071570e-03	3.494244495670e-03	9.244899128480e-03	8.388839602140e-03
84                  	9.611617878890e-03	3.330737863930e-03	8.907379852000e-03	8.097152752980e-03
85                  	9.576115963120e-03	3.196142495180e-03	8.407973579220e-03	7.520704112820e-03
86                  	9.066551873660e-03	2.975136557600e-03	8.150327633740e-03	7.521381318190e-03
87                  	8.866228798730e-03	2.832766702400e-03	7.766108671530e-03	7.126170538550e-03
88                  	8.629252070930e-03	2.757867917180e-03	7.326151165230e-03	6.675048805490e-03
89                  	8.505672589830e-03	2.631581065820e-03	7.137473000130e-03	6.615418868320e-03
90                  	8.299005244760e-03	2.557235571520e-03	6.810826512400e-03	6.190794169560e-03
91                  	8.095474412530e-03	2.427084072880e-03	6.487824552320e-03	6.013757258240e-03
92                  	7.767850759230e-03	2.362105540470e-03	6.438122308600e-03	6.051018087520e-03
93                  	7.794329327430e-03	2.236203201330e-03	5.971138761980e-03	5.482997067490e-03
94                  	7.543516922980e-03	2.140636351550e-03	6.066968078780e-03	5.760005997270e-03
95                  	7.444402710980e-03	2.065951059570e-03	5.957604112840e-03	5.511120311780e-03
96                  	7.226778984520e-03	2.021093118860e-03	5.551690527550e-03	4.989788098010e-03
97                  	6.752104727320e-03	1.918495318700e-03	5.578620695140e-03	5.299339750170e-03
98                  	6.556509269480e-03	1.868991493690e-03	5.234011480030e-03	4.866361945760e-03
99                  	6.556236049410e-03	1.793561087500e-03	4.964251712770e-03	4.633618395930e-03
100                 	6.305227028010e-03	1.716160048020e-03	5.046136057430e-03	4.762804185370e-03
101                 	6.264167269810e-03	1.657076242230e-03	4.691973380520e-03	4.297133206540e-03
102                 	6.071351622220e-03	1.613359884640e-03	4.554430913950e-03	4.280193453700e-03
103                 	5.774437286140e-03	1.600352404870e-03	4.601188804540e-03	4.265705059250e-03
104                 	5.787609613110e-03	1.533213708550e-03	4.167508569600e-03	3.753505743430e-03
105                 	5.622778561030e-03	1.441898708830e-03	4.237082930020e-03	4.066970245750e-03
106                 	5.528178260350e-03	1.391980693620e-03	4.198554734470e-03	3.899006650420e-03
107                 	5.484734508480e-03	1.370429486590e-03	3.857741684070e-03	3.379547874910e-03
108                 	5.113862952320e-03	1.335438130400e-03	4.090137890460e-03	3.892770934540e-03
109                 	5.154606609230e-03	1.321619739690e-03	3.779431645210e-03	3.502853382570e-03
110                 	5.160856070330e-03	1.283197950780e-03	3.720787435820e-03	3.479935495570e-03
111                 	4.961502453810e-03	1.233715607350e-03	3.749250666880e-03	3.565919813970e-03
112                 	4.866094815570e-03	1.207712397920e-03	3.485967100180e-03	3.154051713490e-03
113                 	5.089832159580e-03	1.162008579150e-03	3.450865052010e-03	3.263339637390e-03
114                 	4.618013465740e-03	1.193111293460e-03	3.675799014020e-03	3.428822955610e-03
115                 	4.846984100830e-03	1.177728181690e-03	3.349931463540e-03	3.003198772550e-03
116                 	4.680517597510e-03	1.155099250510e-03	3.530692653670e-03	3.437260301720e-03
117                 	4.708743222290e-03	1.137047325590e-03	3.440309988100e-03	3.181138724300e-03
118                 	4.690131493980e-03	1.119436647460e-03	3.222399884200e-03	2.869354799280e-03
119                 	4.391070270000e-03	1.076218893810e-03	3.492621426040e-03	3.372340894250e-03
120                 	4.369005306100e-03	1.092552818320e-03	3.225139259910e-03	2.950820204840e-03
121                 	4.465495109890e-03	1.065530608250e-03	3.172509661930e-03	2.955790063990e-03
122                 	4.346928784620e-03	1.060310686900e-03	3.228521601900e-03	3.102582988890e-03
123                 	4.430246024220e-03	1.043306319080e-03	3.042850513840e-03	2.710207343310e-03
124                 	4.421717260770e-03	1.008707159530e-03	3.094947240670e-03	2.932920765050e-03
125                 	4.099636720060e-03	1.032291739600e-03	3.221054916540e-03	2.981294824660e-03
126                 	4.242553687070e-03	1.007385384280e-03	2.880409909630e-03	2.544692400970e-03
127                 	4.191059517540e-03	9.701975444220e-04	3.072741568640e-03	2.967234538680e-03
128                 	4.246029991150e-03	9.841941195690e-04	3.039969692070e-03	2.789099814460e-03
129                 	4.213867008700e-03	9.728288937060e-04	2.854005748690e-03	2.547064037230e-03
130                 	3.905665594960e-03	9.569705375470e-04	3.154329744110e-03	3.049022488050e-03
131                 	3.983475077440e-03	9.809665935280e-04	2.889188352150e-03	2.628519930230e-03
132                 	4.078705159530e-03	9.433523078940e-04	2.890086731290e-03	2.705298789970e-03
133                 	3.938708727330e-03	9.480147311620e-04	2.958730477640e-03	2.831826332360e-03
134                 	3.943550891280e-03	9.446665976170e-04	2.759874736690e-03	2.438461203440e-03
135                 	3.998101882530e-03	9.006657991280e-04	2.802080018940e-03	2.695773175850e-03
136                 	3.691759894290e-03	9.415980420510e-04	2.917738238960e-03	2.720856467390e-03
137                 	3.967963604710e-03	9.282190744550e-04	2.638974733910e-03	2.355283962970e-03
138                 	3.876903601750e-03	9.081726642230e-04	2.895333614610e-03	2.821121386840e-03
139                 	3.997925339070e-03	9.328534433490e-04	2.812348296600e-03	2.596197411320e-03
140                 	3.982566109520e-03	8.985231440420e-04	2.621923007540e-03	2.420375866320e-03
141                 	3.764504341270e-03	8.935548058380e-04	2.947614744880e-03	2.869136811510e-03
142                 	3.808419279410e-03	9.271605348680e-04	2.716994453330e-03	2.477549412920e-03
143                 	3.895820244020e-03	8.874709680210e-04	2.776762497930e-03	2.642150376780e-03
144                 	3.810994579670e-03	8.994381024380e-04	2.835385532050e-03	2.712837414880e-03
145                 	3.923942963690e-03	9.014140842050e-04	2.613846140140e-03	2.284381664760e-03
146                 	3.902697006770e-03	8.691224990850e-04	2.752769174740e-03	2.669863209410e-03
147                 	3.682354710830e-03	9.126008091290e-04	2.829890677220e-03	2.625369013940e-03
148                 	3.936184267560e-03	9.042695259200e-04	2.586089493960e-03	2.342150532060e-03
149                 	3.807612839200e-03	8.759741559850e-04	2.822456053090e-03	2.722448869250e-03
150                 	3.853594247370e-03	9.008100877760e-04	2.705508716490e-03	2.493268139080e-03
151                 	3.862497369210e-03	8.659248579840e-04	2.555004945390e-03	2.406337093660e-03
152                 	3.704751567970e-03	8.851260879350e-04	2.857022399430e-03	2.763958690140e-03
153                 	3.780262703700e-03	8.971653119090e-04	2.589480944230e-03	2.342490855650e-03
154                 	3.735937804350e-03	8.513098382980e-04	2.719776860310e-03	2.626639617600e-03
155                 	3.707828552210e-03	8.565590800320e-04	2.754946836080e-03	2.592332015670e-03
156                 	3.783248301020e-03	8.723730169790e-04	2.525259424400e-03	2.208183429420e-03
157                 	3.655681541640e-03	8.360046438630e-04	2.709460096970e-03	2.657935555050e-03
158                 	3.513620981850e-03	8.761759554120e-04	2.687075164560e-03	2.512790833180e-03
159                 	3.733501323890e-03	8.677279906390e-04	2.507535676200e-03	2.304487546560e-03
160                 	3.646563689640e-03	8.604110069560e-04	2.725352055830e-03	2.648642852570e-03
161                 	3.731086803450e-03	8.769953312570e-04	2.571732097810e-03	2.369380242750e-03
162                 	3.730864585630e-03	8.422111688530e-04	2.512759552950e-03	2.404833310160e-03
163                 	3.569083105880e-03	8.710270446500e-04	2.767273536580e-03	2.648307407100e-03
164                 	3.721887340850e-03	8.749690692040e-04	2.485214508350e-03	2.229639093760e-03
165                 	3.698593130310e-03	8.446795210950e-04	2.702032114840e-03	2.641180515060e-03
166                 	3.702617527720e-03	8.594288809480e-04	2.711868158540e-03	2.555149955570e-03
167                 	3.798780028810e-03	8.559981555690e-04	2.479715895910e-03	2.187954056020e-03
168                 	3.548435098350e-03	8.342668841360e-04	2.751808723590e-03	2.716765464230e-03
169                 	3.558276704650e-03	8.656605314820e-04	2.623917787590e-03	2.423914011300e-03
170                 	3.702535171120e-03	8.571954161600e-04	2.550200032420e-03	2.383387887650e-03
171                 	3.633310768030e-03	8.594317036370e-04	2.686798608530e-03	2.631815602340e-03
172                 	3.725152762350e-03	8.719623726210e-04	2.541106408310e-03	2.283967673520e-03
173                 	3.792328825930e-03	8.320085604960e-04	2.544347069900e-03	2.458953667890e-03
174                 	3.519137296620e-03	8.831168407430e-04	2.765616869000e-03	2.622948235060e-03
175                 	3.780322138470e-03	8.739507463010e-04	2.472447001460e-03	2.201087788130e-03
176                 	3.712973807610e-03	8.430871498810e-04	2.729534942380e-03	2.668364136710e-03
177                 	3.792141221340e-03	8.685081384110e-04	2.710134577160e-03	2.501116274090e-03
178                 	3.772893001090e-03	8.550156311730e-04	2.491196869320e-03	2.256612137790e-03
179                 	3.535718503320e-03	8.523876817450e-04	2.793581394220e-03	2.775425214120e-03
180                 	3.589500729000e-03	8.761156406150e-04	2.600041443550e-03	2.382557155460e-03
181                 	3.715420717530e-03	8.433877376660e-04	2.596131903840e-03	2.453306970030e-03
182                 	3.561688103650e-03	8.584328426520e-04	2.693127991320e-03	2.611052828140e-03
183                 	3.693360390520e-03	8.611684081330e-04	2.504371184240e-03	2.186823618140e-03
184                 	3.723107712650e-03	8.249821581630e-04	2.581430010040e-03	2.503632405800e-03
185                 	3.482540674490e-03	8.771072680830e-04	2.731138752200e-03	2.552826409670e-03
186                 	3.741238032400e-03	8.726077946870e-04	2.474495227760e-03	2.233252701100e-03
187                 	3.658622541090e-03	8.411611573380e-04	2.715290636490e-03	2.652214477130e-03
188                 	3.748176134800e-03	8.689729963870e-04	2.640327219890e-03	2.428702958350e-03
189                 	3.740412656480e-03	8.381247632090e-04	2.467636460630e-03	2.287716718280e-03
190                 	3.528859741280e-03	8.507034245510e-04	2.784521638260e-03	2.722494311190e-03
191                 	3.640590007590e-03	8.767939524890e-04	2.539078474050e-03	2.323550219870e-03
192                 	3.676051946670e-03	8.361766281780e-04	2.626218207400e-03	2.537684979150e-03
193                 	3.612057724400e-03	8.499557257850e-04	2.704236535410e-03	2.585285349130e-03
194                 	3.683415838750e-03	8.649263167360e-04	2.494780082100e-03	2.184149066580e-03
195                 	3.672953158770e-03	8.226383492350e-04	2.632326636830e-03	2.574039895480e-03
196                 	3.463560016030e-03	8.656333697100e-04	2.688084042540e-03	2.508892036140e-03
197                 	3.722675321570e-03	8.617994369140e-04	2.472396767730e-03	2.254694029150e-03
198                 	3.587657966980e-03	8.408885816470e-04	2.705310879480e-03	2.634306690930e-03
199                 	3.699622088560e-03	8.706999703600e-04	2.578366573540e-03	2.374514017400e-03
200                 	3.705482309870e-03	8.381689966240e-04	2.471862299340e-03	2.342465788110e-03
201                 	3.571457431650e-03	8.653974001150e-04	2.774510070760e-03	2.675995264920e-03
202                 	3.645235494620e-03	8.764953787050e-04	2.503874596040e-03	2.265508407310e-03
203                 	3.655290326740e-03	8.347586005240e-04	2.653874617360e-03	2.575532775880e-03
204                 	3.608148261250e-03	8.395716027410e-04	2.680085288480e-03	2.525239734690e-03
205                 	3.706936138670e-03	8.459508832770e-04	2.452039519340e-03	2.139548937960e-03
206                 	3.490921372480e-03	8.184481790510e-04	2.673346367050e-03	2.641629284410e-03
207                 	3.462986087920e-03	8.520920700040e-04	2.601736961380e-03	2.420285515220e-03
208                 	3.663580673000e-03	8.504922822610e-04	2.482213074830e-03	2.293110511560e-03
209                 	3.590393908340e-03	8.479897932830e-04	2.672742260900e-03	2.613477855080e-03
210                 	3.637992352200e-03	8.666185350590e-04	2.531592363830e-03	2.315482152190e-03
211                 	3.735930844910e-03	8.284238391750e-04	2.481256632360e-03	2.386174224710e-03
212                 	3.508179351940e-03	8.695660289110e-04	2.745870847210e-03	2.614008215960e-03
213                 	3.715650679360e-03	8.664959186450e-04	2.452020149010e-03	2.185974676440e-03
214                 	3.646081365360e-03	8.427680630780e-04	2.693881827610e-03	2.646813951010e-03
215                 	3.716972582680e-03	8.571364904390e-04	2.688649173890e-03	2.514395870730e-03
216                 	3.757398511830e-03	8.530661812970e-04	2.476032684980e-03	2.193878904230e-03
217                 	3.506858510450e-03	8.390345771330e-04	2.764253241900e-03	2.736848564180e-03
218                 	3.507986649340e-03	8.683318810370e-04	2.607394055930e-03	2.406037103450e-03
219                 	3.692451420620e-03	8.471626374520e-04	2.554086618060e-03	2.391083923160e-03
220                 	3.569462132520e-03	8.546308172340e-04	2.675283330140e-03	2.611462981090e-03
221                 	3.681231565080e-03	8.605475000220e-04	2.518590186660e-03	2.232212548680e-03
222                 	3.698656109040e-03	8.275018762990e-04	2.548927974210e-03	2.464277468870e-03
223                 	3.478380189770e-03	8.739832748640e-04	2.735959641720e-03	2.574177803710e-03
224                 	3.743350525830e-03	8.691110244710e-04	2.461607702730e-03	2.192960247330e-03
225                 	3.685477647670e-03	8.443401715140e-04	2.718429447930e-03	2.663581671830e-03
226                 	3.739624844660e-03	8.714932124520e-04	2.684750585290e-03	2.483298084670e-03
227                 	3.762140749390e-03	8.470895786480e-04	2.470655545850e-03	2.253717210190e-03
228                 	3.525801915420e-03	8.498734035930e-04	2.794102490840e-03	2.750407090720e-03
229                 	3.605268845610e-03	8.741322183150e-04	2.582279437190e-03	2.363081616050e-03
230                 	3.675566304060e-03	8.438686309960e-04	2.608796058130e-03	2.490923481150e-03
231                 	3.582906835130e-03	8.548214627250e-04	2.688225586220e-03	2.602691289700e-03
232                 	3.686385893960e-03	8.662386100240e-04	2.502685496290e-03	2.185124576990e-03
233                 	3.725837767290e-03	8.283341149790e-04	2.613724135770e-03	2.536334449240e-03
234                 	3.453061891860e-03	8.782260769480e-04	2.737410753790e-03	2.555044557360e-03
235                 	3.745439808810e-03	8.667805185130e-04	2.464218517020e-03	2.229323801230e-03
236                 	3.627740319180e-03	8.396275679650e-04	2.724622559590e-03	2.648136809300e-03
237                 	3.731227619010e-03	8.679253740480e-04	2.642334367970e-03	2.413846135800e-03
238                 	3.693984925200e-03	8.415509044010e-04	2.477178566440e-03	2.307103554640e-03
239                 	3.547794058440e-03	8.545613234510e-04	2.786707916780e-03	2.709950445300e-03
240                 	3.634005866430e-03	8.774442180900e-04	2.532108596330e-03	2.304202291070e-03
241                 	3.665639285940e-03	8.380049322870e-04	2.642665131600e-03	2.554665820600e-03
242                 	3.567473723680e-03	8.471998811530e-04	2.699744895400e-03	2.577895140810e-03
243                 	3.696749987770e-03	8.575110416860e-04	2.467151740610e-03	2.156410632150e-03
244                 	3.617658880130e-03	8.200347946120e-04	2.643603433320e-03	2.579681952670e-03
245                 	3.468045282130e-03	8.601716662760e-04	2.665848634180e-03	2.483321782210e-03
246                 	3.681126346020e-03	8.631961541780e-04	2.471093195080e-03	2.279944000980e-03
247                 	3.600847001310e-03	8.471993074000e-04	2.679361166760e-03	2.620475502400e-03
248                 	3.657869887710e-03	8.716708892910e-04	2.553859389970e-03	2.359621019410e-03
249                 	3.708935783140e-03	8.326940181110e-04	2.473554105000e-03	2.349573598500e-03
250                 	3.520247556200e-03	8.624030008040e-04	2.755292323610e-03	2.650483370060e-03
251                 	3.667989942010e-03	8.669087320990e-04	2.467602673760e-03	2.224359335180e-03
252                 	3.631682547190e-03	8.357616823940e-04	2.664265207670e-03	2.596766986770e-03
253                 	3.642961365860e-03	8.413518609840e-04	2.681398927470e-03	2.514401047500e-03
254                 	3.700805672640e-03	8.512828082020e-04	2.459536545400e-03	2.162081460950e-03
255                 	3.490737989080e-03	8.200006445950e-04	2.690544436530e-03	2.664677223770e-03
256                 	3.462904635540e-03	8.521782269740e-04	2.595049105210e-03	2.404799609130e-03
257                 	3.658165268930e-03	8.467900307340e-04	2.496779351560e-03	2.315005002980e-03
258                 	3.558714830610e-03	8.482926602930e-04	2.666344176260e-03	2.606683443920e-03
259                 	3.675408113470e-03	8.621257928490e-04	2.521423902610e-03	2.279490022350e-03
260                 	3.734658915030e-03	8.328197467590e-04	2.510403822170e-03	2.409620207490e-03
261                 	3.535317881950e-03	8.766786145060e-04	2.759948549260e-03	2.612920463630e-03
262                 	3.709556683590e-03	8.776894931750e-04	2.472474210420e-03	2.207038412210e-03
263                 	3.686401451630e-03	8.460224946290e-04	2.702564624270e-03	2.654146649710e-03
264                 	3.726940002630e-03	8.613755626020e-04	2.696363072340e-03	2.509250063050e-03
265                 	3.768910588180e-03	8.491338792330e-04	2.481783174290e-03	2.205285051150e-03
266                 	3.502504342650e-03	8.442009361820e-04	2.785038832660e-03	2.753766917390e-03
267                 	3.562470616280e-03	8.704308946700e-04	2.601424362310e-03	2.390736842390e-03
268                 	3.706739622630e-03	8.478703266950e-04	2.573733810650e-03	2.427851004550e-03
269                 	3.597889060850e-03	8.611280365050e-04	2.696320927590e-03	2.621063188260e-03
270                 	3.659265149160e-03	8.684007950270e-04	2.533820919130e-03	2.236253044860e-03
271                 	3.731654134020e-03	8.262718260040e-04	2.568924378290e-03	2.482776869250e-03
272                 	3.457807861910e-03	8.747797083300e-04	2.740576476440e-03	2.563676752840e-03
273                 	3.730432612110e-03	8.658092723630e-04	2.456686735730e-03	2.190805260910e-03
274                 	3.636706308740e-03	8.420233916910e-04	2.721257225640e-03	2.661248069950e-03
275                 	3.754026787010e-03	8.703859310330e-04	2.668880015590e-03	2.455341887250e-03
276                 	3.749581595970e-03	8.482580855840e-04	2.476144583360e-03	2.273317379110e-03
277                 	3.538805558120e-03	8.536248957920e-04	2.810458785550e-03	2.764510393120e-03
278                 	3.599581608060e-03	8.855860333530e-04	2.585495099520e-03	2.369700122340e-03
279                 	3.692838475320e-03	8.438829160220e-04	2.624840767510e-03	2.515970423960e-03
280                 	3.580998007740e-03	8.545931612660e-04	2.701186530230e-03	2.600977265480e-03
281                 	3.689465804350e-03	8.620876463410e-04	2.498513292870e-03	2.174096237350e-03
282                 	3.686660725210e-03	8.258237481250e-04	2.628061065690e-03	2.546795508510e-03
283                 	3.480761298850e-03	8.712594095770e-04	2.718972352190e-03	2.530996913740e-03
284                 	3.762481953790e-03	8.699217123620e-04	2.477436957880e-03	2.249712552400e-03
285                 	3.656234321060e-03	8.457500447220e-04	2.739792167160e-03	2.655085058810e-03
286                 	3.706807327710e-03	8.747743613690e-04	2.644333256350e-03	2.425687753940e-03
287                 	3.723247139780e-03	8.405368313490e-04	2.479834127800e-03	2.324705684730e-03
288                 	3.568474672680e-03	8.578397316360e-04	2.789975686700e-03	2.694171740080e-03
289                 	3.650627326760e-03	8.748679313690e-04	2.515575263570e-03	2.283495191750e-03
290                 	3.621295542240e-03	8.369919887290e-04	2.648638980360e-03	2.575334112720e-03
291                 	3.598857433660e-03	8.428477499570e-04	2.690185066180e-03	2.552852017670e-03
292                 	3.690239189340e-03	8.581494720440e-04	2.470599863230e-03	2.160732219410e-03
293                 	3.591656152440e-03	8.209290341720e-04	2.663684817650e-03	2.610380641470e-03
294                 	3.435827390990e-03	8.604239933440e-04	2.654974999650e-03	2.477151318970e-03
295                 	3.662816392610e-03	8.538505794840e-04	2.463939012660e-03	2.275960186400e-03
296                 	3.573734473640e-03	8.437716589630e-04	2.677235002800e-03	2.612687900030e-03
297                 	3.663441630570e-03	8.635870542170e-04	2.539201633350e-03	2.336038865870e-03
298                 	3.681717635260e-03	8.322631595990e-04	2.480896479790e-03	2.367123849440e-03
299                 	3.535506397080e-03	8.629006851600e-04	2.746325532980e-03	2.629261238890e-03
300                 	3.678313074210e-03	8.683519640410e-04	2.464790301130e-03	2.210551872270e-03
301                 	3.655849900790e-03	8.401317793690e-04	2.683384312750e-03	2.613140313990e-03
302                 	3.634013381730e-03	8.502565224600e-04	2.692813859140e-03	2.527861672460e-03
303                 	3.734360172580e-03	8.478702094830e-04	2.457963566040e-03	2.159597419010e-03
304                 	3.495860256680e-03	8.247412528510e-04	2.725191916490e-03	2.687847496870e-03
305                 	3.500602033510e-03	8.582851851300e-04	2.596921615420e-03	2.400061799910e-03
306                 	3.648852849260e-03	8.521580286150e-04	2.525369897800e-03	2.357479080210e-03
307                 	3.591425721090e-03	8.519264780630e-04	2.673197309530e-03	2.611982979040e-03
308                 	3.667373865310e-03	8.665486415670e-04	2.533078156730e-03	2.270737280820e-03
309                 	3.737604039610e-03	8.327800464610e-04	2.532861936270e-03	2.434946579200e-03
310                 	3.479870120580e-03	8.778513726610e-04	2.758469864380e-03	2.607380529640e-03
311                 	3.732477145370e-03	8.686447174930e-04	2.448964504020e-03	2.183525006530e-03
312                 	3.664090440470e-03	8.402044138750e-04	2.713987548910e-03	2.660205691150e-03
313                 	3.758933529790e-03	8.620926859810e-04	2.695172217050e-03	2.492315976370e-03
314                 	3.750192292470e-03	8.529971476180e-04	2.486911620160e-03	2.237375713830e-03
315                 	3.521612873550e-03	8.466692037920e-04	2.794689268500e-03	2.760411805410e-03
316                 	3.572175316350e-03	8.724103702460e-04	2.601295184060e-03	2.380298547900e-03
317                 	3.705306245050e-03	8.453055256820e-04	2.593564442010e-03	2.455043339560e-03
318                 	3.557920243380e-03	8.606614392770e-04	2.695955467260e-03	2.618368409580e-03
319                 	3.685687018160e-03	8.643740412120e-04	2.515072502410e-03	2.198854597820e-03
320                 	3.722630360940e-03	8.276376447540e-04	2.593498526910e-03	2.499531030200e-03
321                 	3.481795436580e-03	8.774411170370e-04	2.745027373180e-03	2.558195371400e-03
322                 	3.733273407980e-03	8.751264561430e-04	2.479031758300e-03	2.228978667690e-03
323                 	3.659558208370e-03	8.432598512270e-04	2.725753673740e-03	2.657166195970e-03
324                 	3.739642790270e-03	8.713113713570e-04	2.657120639710e-03	2.439276237000e-03
325                 	3.734362087320e-03	8.420021330110e-04	2.474175723050e-03	2.286558620590e-03
326                 	3.526594327900e-03	8.519769926320e-04	2.798675123160e-03	2.736975333490e-03
327                 	3.631077283550e-03	8.795355666900e-04	2.552132858460e-03	2.333817488710e-03
328                 	3.669776690150e-03	8.388828314680e-04	2.630570878010e-03	2.533199246290e-03
329                 	3.606498086760e-03	8.499276567820e-04	2.704968304170e-03	2.584737919900e-03
330                 	3.669761890610e-03	8.660194782850e-04	2.497296236840e-03	2.185978155510e-03
331                 	3.677920851920e-03	8.217455809500e-04	2.630220708810e-03	2.563469772150e-03
332                 	3.460381813670e-03	8.662673056340e-04	2.700781939870e-03	2.516139801920e-03
333                 	3.721278693170e-03	8.627728468830e-04	2.466003100420e-03	2.250728917170e-03
334                 	3.602399309730e-03	8.417002701210e-04	2.715521594670e-03	2.641825772900e-03
335                 	3.709422424480e-03	8.675538235020e-04	2.601613089080e-03	2.387920656830e-03
336                 	3.711311656030e-03	8.374853357040e-04	2.483979335120e-03	2.338652857770e-03
337                 	3.583082865890e-03	8.639223373610e-04	2.793188552220e-03	2.682822882770e-03
338                 	3.636216544110e-03	8.789819585880e-04	2.518649104680e-03	2.280900729730e-03
339                 	3.648825330710e-03	8.369988003730e-04	2.657110560110e-03	2.577663837840e-03
340                 	3.599646893700e-03	8.410239548080e-04	2.689109169150e-03	2.535856417040e-03
341                 	3.691687497040e-03	8.488318043070e-04	2.458948063500e-03	2.142273637780e-03
342                 	3.506220491730e-03	8.172709844100e-04	2.671943811430e-03	2.626768013900e-03
343                 	3.458042667040e-03	8.527824162880e-04	2.614561696310e-03	2.430564012270e-03
344                 	3.646970893520e-03	8.526425712370e-04	2.477139477770e-03	2.291010462050e-03
345                 	3.584997739550e-03	8.477504228960e-04	2.675534441950e-03	2.615245288210e-03
346                 	3.630942710050e-03	8.660768060860e-04	2.530888469580e-03	2.323912752750e-03
347                 	3.728686692890e-03	8.281425130370e-04	2.484211396600e-03	2.381684368030e-03
348                 	3.516503947830e-03	8.674026335290e-04	2.752830304120e-03	2.619669761160e-03
349                 	3.712148365340e-03	8.681661765550e-04	2.460170212520e-03	2.194427096420e-03
350                 	3.640221196470e-03	8.436160793280e-04	2.699942887210e-03	2.645852320620e-03
351                 	3.709144588640e-03	8.550865153330e-04	2.692753058920e-03	2.513955693350e-03
352                 	3.752685757380e-03	8.527462102830e-04	2.473615799400e-03	2.186288233470e-03
353                 	3.511411678720e-03	8.332599401090e-04	2.754143084630e-03	2.722601359460e-03
354                 	3.501141274640e-03	8.664575092880e-04	2.609567855620e-03	2.408306252560e-03
355                 	3.678863208560e-03	8.478481584760e-04	2.545672101560e-03	2.382102981330e-03
356                 	3.572620722780e-03	8.537942872830e-04	2.677394388540e-03	2.611354006490e-03
357                 	3.679095355440e-03	8.618195941700e-04	2.529838378650e-03	2.244233220200e-03
358                 	3.702609121170e-03	8.287456259230e-04	2.554772969810e-03	2.459438842820e-03
359                 	3.491816616630e-03	8.741210977880e-04	2.745142095490e-03	2.580908074010e-03
360                 	3.734698087520e-03	8.705362167900e-04	2.464761973940e-03	2.194758379010e-03
361                 	3.686599394810e-03	8.439462121370e-04	2.721673324990e-03	2.663219904150e-03
362                 	3.740616333140e-03	8.708834110160e-04	2.694186414720e-03	2.490717773700e-03
363                 	3.766357976370e-03	8.492282830620e-04	2.477558850130e-03	2.250947046860e-03
364                 	3.531140388370e-03	8.495487677350e-04	2.801723492050e-03	2.756505500690e-03
365                 	3.601942777930e-03	8.758857154740e-04	2.593374812530e-03	2.371376884190e-03
366                 	3.676641418400e-03	8.467448445890e-04	2.610227199960e-03	2.489685967800e-03
367                 	3.592298034170e-03	8.569832181110e-04	2.693418263270e-03	2.608479506270e-03
368                 	3.680944862910e-03	8.677144084200e-04	2.512391445510e-03	2.192463395060e-03
369                 	3.730931736890e-03	8.271635821710e-04	2.612902461710e-03	2.526566700680e-03
370                 	3.453671996470e-03	8.778682840660e-04	2.742845544200e-03	2.557231679370e-03
371                 	3.743261420710e-03	8.670497500520e-04	2.462772884310e-03	2.224847952870e-03
372                 	3.634111090150e-03	8.397935838450e-04	2.729168615850e-03	2.652358113160e-03
373                 	3.736250946530e-03	8.693521481560e-04	2.653658497180e-03	2.421939126910e-03
374                 	3.694847694960e-03	8.437290952680e-04	2.480901611670e-03	2.304853021940e-03
375                 	3.543681022900e-03	8.535493950390e-04	2.790816090740e-03	2.715636931150e-03
376                 	3.623979540060e-03	8.774930846760e-04	2.538275088100e-03	2.309678699830e-03
377                 	3.660297234450e-03	8.365879282990e-04	2.636999235190e-03	2.543853085490e-03
378                 	3.563469101140e-03	8.463873932250e-04	2.696951287070e-03	2.573300705840e-03
379                 	3.687979555150e-03	8.576308235520e-04	2.470294157590e-03	2.157416029520e-03
380                 	3.630952691020e-03	8.199648988350e-04	2.642636791730e-03	2.572528818160e-03
381                 	3.472841576860e-03	8.620315186810e-04	2.679229617210e-03	2.493303690180e-03
382                 	3.690854610160e-03	8.658435158830e-04	2.473647086100e-03	2.281019934840e-03
383                 	3.620985068770e-03	8.479077635160e-04	2.688794195570e-03	2.626132378330e-03
384                 	3.671547563710e-03	8.684373006680e-04	2.574428434640e-03	2.371975417930e-03
385                 	3.715184267540e-03	8.304486009130e-04	2.476745858700e-03	2.344764026530e-03
386                 	3.532301521190e-03	8.601582878790e-04	2.761978808780e-03	2.654335570200e-03
387                 	3.659249965080e-03	8.675915387890e-04	2.475611538310e-03	2.232133551790e-03
388                 	3.631371691220e-03	8.356220643740e-04	2.664731109980e-03	2.593508378640e-03
389                 	3.636262636510e-03	8.415960697000e-04	2.688892726660e-03	2.520912807170e-03
390                 	3.691868804890e-03	8.525196095570e-04	2.463179144610e-03	2.162925544460e-03
391                 	3.499194790810e-03	8.189493676470e-04	2.685822814090e-03	2.654408559600e-03
392                 	3.455280160340e-03	8.521217177940e-04	2.601698219630e-03	2.410226653570e-03
393                 	3.654663547740e-03	8.472784853180e-04	2.488920390680e-03	2.307356975290e-03
394                 	3.559989869980e-03	8.479680018190e-04	2.669861308300e-03	2.608313129370e-03
395                 	3.673592185150e-03	8.631013484360e-04	2.525061091500e-03	2.290626086740e-03
396                 	3.744255375230e-03	8.344787340060e-04	2.511337422750e-03	2.407602503360e-03
397                 	3.550161881680e-03	8.787891018120e-04	2.771798930980e-03	2.624734070460e-03
398                 	3.710929022200e-03	8.798347479200e-04	2.480698183290e-03	2.216636748660e-03
399                 	3.688619559220e-03	8.471363741810e-04	2.707008627990e-03	2.653974023000e-03
400                 	3.722382024620e-03	8.605175642200e-04	2.702735858880e-03	2.513815584840e-03
401                 	3.765744249000e-03	8.493714965010e-04	2.482046759160e-03	2.197977664470e-03
402                 	3.504001474900e-03	8.419474874230e-04	2.781812746260e-03	2.748567238870e-03
403                 	3.555301055580e-03	8.700597120200e-04	2.605923470000e-03	2.396114246030e-03
404                 	3.691951384750e-03	8.496496379430e-04	2.574035688290e-03	2.419712937170e-03
405                 	3.599797270950e-03	8.614524893140e-04	2.700628181650e-03	2.624960394280e-03
406                 	3.656485571610e-03	8.681281165370e-04	2.537215714430e-03	2.240434430480e-03
407                 	3.731400559400e-03	8.262983821120e-04	2.567653601590e-03	2.476114106680e-03
408                 	3.458916522470e-03	8.743101708720e-04	2.745267556970e-03	2.567721820860e-03
409                 	3.730688352920e-03	8.671692718550e-04	2.457441192860e-03	2.190776971960e-03
410                 	3.641017666490e-03	8.432887037730e-04	2.723038923810e-03	2.665669021290e-03
411                 	3.759842153590e-03	8.695830853710e-04	2.682610882560e-03	2.461778221790e-03
412                 	3.757944151420e-03	8.492932074100e-04	2.484078568140e-03	2.267858294940e-03
413                 	3.541249812210e-03	8.528438607720e-04	2.812928972040e-03	2.766879068360e-03
414                 	3.596270909900e-03	8.866743363300e-04	2.595216665350e-03	2.380935611740e-03
415                 	3.694763147990e-03	8.457745470740e-04	2.623754929620e-03	2.510629894340e-03
416                 	3.578385592070e-03	8.557602963150e-04	2.701305069970e-03	2.605008914330e-03
417                 	3.684410127320e-03	8.626544209980e-04	2.501282366130e-03	2.176871518980e-03
418                 	3.693061497360e-03	8.255943775400e-04	2.624030156460e-03	2.540169878300e-03
419                 	3.480966746860e-03	8.717540944060e-04	2.725275647670e-03	2.535611478140e-03
420                 	3.762775404080e-03	8.700505359410e-04	2.476980145980e-03	2.244716879900e-03
421                 	3.659759604010e-03	8.457019208030e-04	2.742285004410e-03	2.655673309370e-03
422                 	3.710841055030e-03	8.750573598430e-04	2.652701895920e-03	2.431699878830e-03
423                 	3.723843687970e-03	8.412589841660e-04	2.478896999330e-03	2.318892653130e-03
424                 	3.564220632560e-03	8.564623628890e-04	2.793027364320e-03	2.700709753700e-03
425                 	3.644681761540e-03	8.761510609280e-04	2.522409764490e-03	2.290906350770e-03
426                 	3.621529303670e-03	8.376506593460e-04	2.645611933830e-03	2.569296529060e-03
427                 	3.596966755330e-03	8.426367253450e-04	2.690492940190e-03	2.555418778960e-03
428                 	3.695661748210e-03	8.587117563920e-04	2.472077561380e-03	2.162407614500e-03
429                 	3.608064439880e-03	8.215155593370e-04	2.662355605460e-03	2.602958273640e-03
430                 	3.437858959750e-03	8.623626266310e-04	2.666931056200e-03	2.489888900310e-03
431                 	3.673522107680e-03	8.558233392490e-04	2.462673400870e-03	2.275331883080e-03
432                 	3.579557550400e-03	8.431623908670e-04	2.682443861790e-03	2.616314031730e-03
433                 	3.665284952170e-03	8.639578462320e-04	2.546968335080e-03	2.342585893200e-03
434                 	3.681280781920e-03	8.319117725880e-04	2.480368032480e-03	2.361063522710e-03
435                 	3.539507902800e-03	8.615859660710e-04	2.750026386000e-03	2.634521146550e-03
436                 	3.667471997860e-03	8.685068485150e-04	2.468831128870e-03	2.216013601410e-03
437                 	3.652879113180e-03	8.393118560130e-04	2.680312335110e-03	2.607969323000e-03
438                 	3.624797443580e-03	8.468166644380e-04	2.691665567810e-03	2.524347260310e-03
439                 	3.727835838280e-03	8.472027872920e-04	2.457854875830e-03	2.154743981480e-03
440                 	3.493838185550e-03	8.228766159360e-04	2.719134516330e-03	2.680397042920e-03
441                 	3.496988413330e-03	8.575939409760e-04	2.598912579010e-03	2.403340144670e-03
442                 	3.645236352560e-03	8.529529511610e-04	2.518664571280e-03	2.349390837170e-03
443                 	3.592871530320e-03	8.507155704610e-04	2.672809563800e-03	2.611351072270e-03
444                 	3.661187371280e-03	8.660617453730e-04	2.533119043610e-03	2.277408972700e-03
445                 	3.738063170890e-03	8.311419972920e-04	2.526652101610e-03	2.426007716330e-03
446                 	3.483697986190e-03	8.760066474760e-04	2.758530969310e-03	2.609198230380e-03
447                 	3.728601953770e-03	8.677794841470e-04	2.448025903730e-03	2.183701506920e-03
448                 	3.663607838860e-03	8.392600988710e-04	2.713632123950e-03	2.659969454100e-03
449                 	3.755326781870e-03	8.608866135300e-04	2.698038211430e-03	2.496872053580e-03
450                 	3.750919679880e-03	8.538589044640e-04	2.488497487200e-03	2.231786698630e-03
451                 	3.522849190920e-03	8.456652172320e-04	2.793600645340e-03	2.759468839590e-03
452                 	3.566498878500e-03	8.719400737060e-04	2.605372420400e-03	2.385462473730e-03
453                 	3.704600855900e-03	8.462910439980e-04	2.589004532010e-03	2.447483396650e-03
454                 	3.560115135350e-03	8.609871113600e-04	2.696133069650e-03	2.618711538530e-03
455                 	3.683793592240e-03	8.644233549240e-04	2.518946593080e-03	2.206233750850e-03
456                 	3.722418875730e-03	8.277271222770e-04	2.590443096650e-03	2.494431806890e-03
457                 	3.481300529290e-03	8.774321588490e-04	2.748766610970e-03	2.562003373020e-03
458                 	3.729473833440e-03	8.752531708120e-04	2.478826449530e-03	2.225542073310e-03
459                 	3.662088473840e-03	8.438772218530e-04	2.725761208290e-03	2.658431212830e-03
460                 	3.743536994660e-03	8.713116029560e-04	2.663391313680e-03	2.444085282880e-03
461                 	3.738985195550e-03	8.431174392210e-04	2.476303600700e-03	2.282854582300e-03
462                 	3.526842431550e-03	8.517620857420e-04	2.801998388800e-03	2.742935401740e-03
463                 	3.627958948000e-03	8.802250293310e-04	2.558475324080e-03	2.340913724900e-03
464                 	3.673377863230e-03	8.403034259800e-04	2.629252389330e-03	2.528901050130e-03
465                 	3.608634498660e-03	8.516739125350e-04	2.708088832680e-03	2.591042200910e-03
466                 	3.669029062010e-03	8.673084207590e-04	2.502306208160e-03	2.190129519730e-03
467                 	3.689893252960e-03	8.224935977890e-04	2.629256606510e-03	2.558468670770e-03
468                 	3.463144127880e-03	8.678396560670e-04	2.708009484970e-03	2.522337604810e-03
469                 	3.727879891880e-03	8.634647241460e-04	2.465713563470e-03	2.247907848920e-03
470                 	3.609280544350e-03	8.413138115840e-04	2.721329926000e-03	2.644918388350e-03
471                 	3.712657591540e-03	8.679340377480e-04	2.611120445120e-03	2.394450989180e-03
472                 	3.705498848160e-03	8.385760271910e-04	2.485822513170e-03	2.334384135530e-03
473                 	3.585927409550e-03	8.627940901790e-04	2.798394298470e-03	2.688454432050e-03
474                 	3.635218167690e-03	8.791381861170e-04	2.524209622210e-03	2.284860707880e-03
475                 	3.649738716390e-03	8.371199661340e-04	2.656733946470e-03	2.572985231040e-03
476                 	3.596196399030e-03	8.416391798070e-04	2.691779932240e-03	2.541424952860e-03
477                 	3.688674239500e-03	8.509526470590e-04	2.462451350470e-03	2.144983998780e-03
478                 	3.521669770770e-03	8.176724535720e-04	2.668637705980e-03	2.619648805950e-03
479                 	3.457762241620e-03	8.537247522810e-04	2.621950007290e-03	2.439693779450e-03
480                 	3.657103261540e-03	8.536298738640e-04	2.474103598820e-03	2.287991653350e-03
481                 	3.593574551980e-03	8.479050532690e-04	2.681383742800e-03	2.617371931590e-03
482                 	3.629321476880e-03	8.680083148920e-04	2.537830083780e-03	2.339456501760e-03
483                 	3.725447492920e-03	8.290481072590e-04	2.481662701070e-03	2.376075207890e-03
484                 	3.517823466110e-03	8.655134809690e-04	2.753303089620e-03	2.620249020810e-03
485                 	3.703107101090e-03	8.659546213930e-04	2.457485175890e-03	2.193423574330e-03
486                 	3.635570149560e-03	8.413539581710e-04	2.693625786770e-03	2.635649724200e-03
487                 	3.693149716440e-03	8.530574648700e-04	2.692718849400e-03	2.514922142790e-03
488                 	3.750017231780e-03	8.533274389030e-04	2.471183694590e-03	2.181932345970e-03
489                 	3.513972831250e-03	8.333625381110e-04	2.752354677990e-03	2.720188635020e-03
490                 	3.495727688810e-03	8.662225365980e-04	2.612981355590e-03	2.412280100970e-03
491                 	3.677364374850e-03	8.486864597770e-04	2.540038776580e-03	2.373707083070e-03
492                 	3.574577629500e-03	8.530959107530e-04	2.677580019140e-03	2.610286344850e-03
493                 	3.680335754430e-03	8.616390027880e-04	2.531004084760e-03	2.250150131070e-03
494                 	3.707593398340e-03	8.289539339870e-04	2.551986660270e-03	2.453649543440e-03
495                 	3.497743150550e-03	8.740592408780e-04	2.749513330250e-03	2.587130363970e-03
496                 	3.736670647360e-03	8.715454195740e-04	2.465487627290e-03	2.195262542780e-03
497                 	3.691029787680e-03	8.458143498190e-04	2.728099503890e-03	2.669341300850e-03
498                 	3.741414864240e-03	8.711988854100e-04	2.702222179210e-03	2.500179543670e-03
499                 	3.771108149090e-03	8.507060415290e-04	2.480072188170e-03	2.246462614760e-03
500                 	3.533594714620e-03	8.493082566680e-04	2.803782963060e-03	2.758498847900e-03
501                 	3.598773976610e-03	8.754789530950e-04	2.597347750610e-03	2.374920479990e-03
502                 	3.681552631190e-03	8.475382931110e-04	2.606061314790e-03	2.482615530590e-03
503                 	3.592329912140e-03	8.579975759170e-04	2.695371558240e-03	2.612252761470e-03
504                 	3.683030707500e-03	8.683822849860e-04	2.517261716960e-03	2.197409196620e-03
505                 	3.736106958930e-03	8.292272224810e-04	2.614525407440e-03	2.526389352320e-03
506                 	3.458426608140e-03	8.795069218710e-04	2.750776857200e-03	2.565646678080e-03
507                 	3.746200250160e-03	8.681043274970e-04	2.465002143370e-03	2.223572080640e-03
508                 	3.637029177950e-03	8.400644478270e-04	2.732006215020e-03	2.654756190750e-03
509                 	3.738938966700e-03	8.692144675140e-04	2.659674703170e-03	2.425754941050e-03
510                 	3.699069562670e-03	8.440298839480e-04	2.481193723630e-03	2.299523713640e-03
511                 	3.537098185910e-03	8.524863311630e-04	2.793662362060e-03	2.721147109610e-03
512                 	3.623354788020e-03	8.780844634580e-04	2.544156570430e-03	2.316007512690e-03
513                 	3.665316393120e-03	8.389232983770e-04	2.639646228590e-03	2.543303845810e-03
514                 	3.566716086300e-03	8.492928415180e-04	2.701864700450e-03	2.582912934290e-03
515                 	3.692117305790e-03	8.597715991030e-04	2.475067288400e-03	2.161270011250e-03
516                 	3.645208030020e-03	8.210909012510e-04	2.642507392150e-03	2.568277153380e-03
517                 	3.481227324280e-03	8.628050807010e-04	2.686969142420e-03	2.500172417670e-03
518                 	3.701185820950e-03	8.681918423220e-04	2.476744852450e-03	2.273904140590e-03
519                 	3.632152612250e-03	8.483293540080e-04	2.699244841890e-03	2.630969961040e-03
520                 	3.688930659250e-03	8.710544176670e-04	2.589744251880e-03	2.383437571740e-03
521                 	3.720461659810e-03	8.342935745750e-04	2.487042004930e-03	2.348549596030e-03
522                 	3.541704137920e-03	8.626631746440e-04	2.775327261950e-03	2.668094240750e-03
523                 	3.660315072180e-03	8.710004838780e-04	2.486277114580e-03	2.244639249120e-03
524                 	3.631473427260e-03	8.367730984020e-04	2.664427169650e-03	2.592321697990e-03
525                 	3.629492647360e-03	8.404863425510e-04	2.689412625310e-03	2.523157118990e-03
526                 	3.684833222970e-03	8.531940035870e-04	2.463589784550e-03	2.161233732120e-03
527                 	3.506697456480e-03	8.183112569260e-04	2.682692007930e-03	2.647440382650e-03
528                 	3.452793357160e-03	8.524286538290e-04	2.608611169390e-03	2.416947075690e-03
529                 	3.654042804910e-03	8.486872434490e-04	2.486445227310e-03	2.302286412760e-03
530                 	3.559876517300e-03	8.479709513830e-04	2.672968447060e-03	2.610308851180e-03
531                 	3.669293448810e-03	8.633126025130e-04	2.525077680840e-03	2.297744965850e-03
532                 	3.740089211780e-03	8.338652957400e-04	2.506740677600e-03	2.400693720580e-03
533                 	3.553480918460e-03	8.765447950380e-04	2.771089744660e-03	2.625341751760e-03
534                 	3.705851236640e-03	8.788991386660e-04	2.479981547440e-03	2.216713772700e-03
535                 	3.685085677100e-03	8.464789033740e-04	2.705822871890e-03	2.651797847070e-03
536                 	3.716352014370e-03	8.595660938230e-04	2.703462808780e-03	2.516838838490e-03
537                 	3.762076269920e-03	8.494972131020e-04	2.480458593350e-03	2.192740920830e-03
538                 	3.501377771420e-03	8.401433664270e-04	2.776413827710e-03	2.743042124450e-03
539                 	3.546607100750e-03	8.686926203570e-04	2.605624291930e-03	2.397419420600e-03
540                 	3.693968928620e-03	8.495916011790e-04	2.567701299240e-03	2.410763118340e-03
541                 	3.603623241840e-03	8.611368344400e-04	2.701037851030e-03	2.624399357720e-03
542                 	3.658063371030e-03	8.695786672660e-04	2.541513934600e-03	2.250993904010e-03
543                 	3.735671801870e-03	8.273415425800e-04	2.564215218190e-03	2.472594506490e-03
544                 	3.465241226550e-03	8.744214034960e-04	2.747848863480e-03	2.570557878990e-03
545                 	3.727853293420e-03	8.665138149930e-04	2.456366144480e-03	2.188180638680e-03
546                 	3.644916318590e-03	8.424524298090e-04	2.720624413630e-03	2.664154574940e-03
547                 	3.758945390660e-03	8.698338354010e-04	2.679524222850e-03	2.467644115100e-03
548                 	3.753093021020e-03	8.500015864780e-04	2.480115817810e-03	2.264547552280e-03
549                 	3.537782474120e-03	8.530376964990e-04	2.815240432930e-03	2.771042611080e-03
550                 	3.591313410370e-03	8.856562460120e-04	2.596519472230e-03	2.379372117490e-03
551                 	3.695428179370e-03	8.457926103420e-04	2.620965916480e-03	2.504050822880e-03
552                 	3.577368695600e-03	8.562396320800e-04	2.701966091440e-03	2.606639092460e-03
553                 	3.684133919060e-03	8.630458920660e-04	2.505821779680e-03	2.179869671810e-03
554                 	3.695749501030e-03	8.266447703390e-04	2.622785836140e-03	2.536089468890e-03
555                 	3.483150604080e-03	8.724934203470e-04	2.728473946680e-03	2.536232307860e-03
556                 	3.763645705580e-03	8.708254822190e-04	2.476490654080e-03	2.241405715390e-03
557                 	3.660885078600e-03	8.456549173080e-04	2.743452339630e-03	2.656929897420e-03
558                 	3.709251788610e-03	8.754983752100e-04	2.657236400950e-03	2.435231527310e-03
559                 	3.721716060000e-03	8.416278074810e-04	2.477763162880e-03	2.313904200450e-03
560                 	3.559793784940e-03	8.553171707150e-04	2.792663485610e-03	2.702788196840e-03
561                 	3.641994627820e-03	8.759066779360e-04	2.524669063070e-03	2.293342628300e-03
562                 	3.624366094080e-03	8.373250618360e-04	2.641556261120e-03	2.563205382930e-03
563                 	3.591105445660e-03	8.426848372770e-04	2.690627288540e-03	2.557104802090e-03
564                 	3.685765688600e-03	8.592145628210e-04	2.473550572050e-03	2.162996460840e-03
565                 	3.614146033840e-03	8.209233255990e-04	2.657319781060e-03	2.596564043950e-03
566                 	3.435261820200e-03	8.618250091130e-04	2.670057764410e-03	2.490369703420e-03
567                 	3.677981057290e-03	8.560645409570e-04	2.460121487750e-03	2.271303678250e-03
568                 	3.582129634120e-03	8.429003320930e-04	2.685115682190e-03	2.618088893640e-03
569                 	3.669753358060e-03	8.653242766880e-04	2.552985028440e-03	2.348826140710e-03
570                 	3.681124324370e-03	8.330922150670e-04	2.480741708630e-03	2.358627521630e-03
571                 	3.542974997990e-03	8.607228126210e-04	2.751885898330e-03	2.637048976360e-03
572                 	3.671292560500e-03	8.683881706860e-04	2.472400941290e-03	2.219779967890e-03
573                 	3.654148377140e-03	8.392795901930e-04	2.680112262980e-03	2.605058330920e-03
574                 	3.617599298860e-03	8.470357244790e-04	2.694835408000e-03	2.530792224250e-03
575                 	3.727441603240e-03	8.484442193750e-04	2.457581488690e-03	2.153570904440e-03
576                 	3.495601846520e-03	8.222505385930e-04	2.715774102300e-03	2.674204426270e-03
577                 	3.490322876910e-03	8.565201717850e-04	2.600732422670e-03	2.404922602960e-03
578                 	3.644457398680e-03	8.530933694330e-04	2.514134608880e-03	2.343189611700e-03
579                 	3.591935935220e-03	8.504897862520e-04	2.674288399690e-03	2.611496299020e-03
580                 	3.664423761160e-03	8.667893571630e-04	2.534633153360e-03	2.282136523120e-03
581                 	3.741554364180e-03	8.329524087600e-04	2.527525182360e-03	2.424320986410e-03
582                 	3.492761545010e-03	8.772141596740e-04	2.764933633470e-03	2.616784869390e-03
583                 	3.734294076300e-03	8.695109179070e-04	2.452240993060e-03	2.186770336810e-03
584                 	3.666734782570e-03	8.408287111670e-04	2.717044332490e-03	2.661727348710e-03
585                 	3.756373407140e-03	8.602956696740e-04	2.702977452530e-03	2.502699166920e-03
586                 	3.755195832160e-03	8.548486015070e-04	2.491767944370e-03	2.228888471460e-03
587                 	3.524615579810e-03	8.459494302110e-04	2.795223674860e-03	2.760509275230e-03
588                 	3.565660236840e-03	8.721636770070e-04	2.609480894340e-03	2.389930994850e-03
589                 	3.708267386970e-03	8.478045913520e-04	2.588827491310e-03	2.444266625740e-03
590                 	3.564219281310e-03	8.620979263800e-04	2.698615451200e-03	2.621911520730e-03
591                 	3.684758834160e-03	8.650735220300e-04	2.523312629630e-03	2.213691519510e-03
592                 	3.724858478100e-03	8.281080252980e-04	2.588458172540e-03	2.490347858880e-03
593                 	3.482973033770e-03	8.774715134670e-04	2.751235353280e-03	2.564249435730e-03
594                 	3.729281769370e-03	8.756899227950e-04	2.478760298670e-03	2.223083357250e-03
595                 	3.664909559990e-03	8.445474195640e-04	2.725841905400e-03	2.660887877960e-03
596                 	3.747292603580e-03	8.716220918920e-04	2.667788123130e-03	2.449895744530e-03
597                 	3.742821994070e-03	8.439682412780e-04	2.477750437550e-03	2.279903036620e-03
598                 	3.526162347100e-03	8.519866022340e-04	2.803191035850e-03	2.746800771370e-03
599                 	3.627006301580e-03	8.806557096270e-04	2.562561740470e-03	2.345657311900e-03
600                 	3.676658804260e-03	8.412964069010e-04	2.628474797100e-03	2.524899172000e-03
601                 	3.606771577090e-03	8.524064536400e-04	2.707815875090e-03	2.593864609980e-03
602                 	3.668606072770e-03	8.678284227400e-04	2.504340046170e-03	2.191242484530e-03
603                 	3.697984076540e-03	8.233879225780e-04	2.628156722400e-03	2.555600942320e-03
604                 	3.466141450830e-03	8.692503660020e-04	2.714397693190e-03	2.527012451920e-03
605                 	3.735190339220e-03	8.644956990490e-04	2.468210158620e-03	2.246659585150e-03
606                 	3.612385020750e-03	8.420073563170e-04	2.725574783440e-03	2.647673278700e-03
607                 	3.717245190660e-03	8.688819419270e-04	2.618853799510e-03	2.398835897290e-03
608                 	3.708442483990e-03	8.393469033790e-04	2.484772352220e-03	2.330789059290e-03
609                 	3.581113949980e-03	8.623119864100e-04	2.799548644440e-03	2.694036666300e-03
610                 	3.632752047590e-03	8.798678874860e-04	2.527858611810e-03	2.292373019600e-03
611                 	3.650675568380e-03	8.364501523680e-04	2.653387803220e-03	2.570308265360e-03
612                 	3.591105769360e-03	8.415583028970e-04	2.690490428610e-03	2.543329241050e-03
613                 	3.686174985630e-03	8.505844671190e-04	2.461374049210e-03	2.144131656920e-03
614                 	3.535964153120e-03	8.166365876690e-04	2.665338426420e-03	2.613344118950e-03
615                 	3.455738160960e-03	8.544123946670e-04	2.626933510860e-03	2.446422733530e-03
616                 	3.651878617500e-03	8.544730785250e-04	2.472061619820e-03	2.285703266640e-03
617                 	3.594748615580e-03	8.473291806160e-04	2.682046232720e-03	2.618380691250e-03
618                 	3.627652048360e-03	8.673370060920e-04	2.537060505680e-03	2.339926938980e-03
619                 	3.716830455750e-03	8.283733593270e-04	2.478556917730e-03	2.371393239020e-03
620                 	3.518297055170e-03	8.639948027660e-04	2.751960396800e-03	2.621860819440e-03
621                 	3.695968487290e-03	8.655503085890e-04	2.456467589310e-03	2.195870460510e-03
622                 	3.624168377990e-03	8.410962786320e-04	2.689219114980e-03	2.630448515880e-03
623                 	3.688826200910e-03	8.505463574020e-04	2.687408049300e-03	2.513917976820e-03
624                 	3.747592537870e-03	8.523239619900e-04	2.469283574990e-03	2.177964803630e-03
625                 	3.512826492980e-03	8.308924856340e-04	2.744926862390e-03	2.711675318590e-03
626                 	3.495533785780e-03	8.653207308860e-04	2.614439699180e-03	2.416171147480e-03
627                 	3.677352349850e-03	8.490001893880e-04	2.535918615140e-03	2.368508112070e-03
628                 	3.574850841140e-03	8.527455681990e-04	2.677270925620e-03	2.609481927020e-03
629                 	3.679538383480e-03	8.614756408920e-04	2.529854692030e-03	2.253208074710e-03
630                 	3.708636780350e-03	8.281767623810e-04	2.547256488570e-03	2.448849357780e-03
631                 	3.502408886470e-03	8.735734907400e-04	2.749575405010e-03	2.590750711030e-03
632                 	3.734962544820e-03	8.715022148290e-04	2.464590883670e-03	2.194577219440e-03
633                 	3.692334783940e-03	8.455033697930e-04	2.728208175300e-03	2.669114891290e-03
634                 	3.741907367450e-03	8.702145420940e-04	2.704639849350e-03	2.502943030720e-03
635                 	3.773843094430e-03	8.513935562290e-04	2.481591039570e-03	2.243266167130e-03
636                 	3.534686754770e-03	8.491333977610e-04	2.804876294010e-03	2.760581831500e-03
637                 	3.595028648370e-03	8.759071984560e-04	2.601081913460e-03	2.378382866550e-03
638                 	3.681858893700e-03	8.486524407570e-04	2.604084019310e-03	2.479153584490e-03
639                 	3.595569091300e-03	8.588076590960e-04	2.694787092770e-03	2.614120387650e-03
640                 	3.681627365000e-03	8.684793654330e-04	2.519422516730e-03	2.201521033530e-03
641                 	3.737409904510e-03	8.284223268520e-04	2.610324108380e-03	2.520461487560e-03
642                 	3.457531774630e-03	8.793968922960e-04	2.751891246260e-03	2.567256813950e-03
643                 	3.744102646540e-03	8.678852651110e-04	2.464072025090e-03	2.221196593060e-03
644                 	3.636570522950e-03	8.396939782880e-04	2.731468338840e-03	2.655636796110e-03
645                 	3.741916430750e-03	8.692844346900e-04	2.663591016460e-03	2.429033672140e-03
646                 	3.701688329080e-03	8.450763313230e-04	2.482410255260e-03	2.297987091510e-03
647                 	3.536360545720e-03	8.521897787000e-04	2.794789309360e-03	2.724982872360e-03
648                 	3.619487054400e-03	8.784674672900e-04	2.547629750950e-03	2.320720608210e-03
649                 	3.667352305560e-03	8.381311543750e-04	2.635710296660e-03	2.536831509910e-03
650                 	3.565868990750e-03	8.492743969240e-04	2.701348026820e-03	2.582528861190e-03
651                 	3.689303652930e-03	8.600542725240e-04	2.477781119290e-03	2.162699502070e-03
652                 	3.653054383140e-03	8.213886559240e-04	2.641057906600e-03	2.565170271120e-03
653                 	3.483281125030e-03	8.643729095070e-04	2.694138781050e-03	2.506289481690e-03
654                 	3.706838084020e-03	8.695565462730e-04	2.478453641700e-03	2.273799598100e-03
655                 	3.637174727930e-03	8.484583473010e-04	2.703300363790e-03	2.634090659070e-03
656                 	3.691429536260e-03	8.717497181910e-04	2.596079596670e-03	2.387255915020e-03
657                 	3.718091489680e-03	8.340250975130e-04	2.485016470290e-03	2.343583028960e-03
658                 	3.545574616060e-03	8.613331700510e-04	2.776388416710e-03	2.669255331520e-03
659                 	3.653867266620e-03	8.708721618420e-04	2.489120756760e-03	2.248849801360e-03
660                 	3.629745147260e-03	8.358235820290e-04	2.661077864730e-03	2.587480439650e-03
661                 	3.624876202740e-03	8.404311937270e-04	2.689480477520e-03	2.525235484730e-03
662                 	3.680671155160e-03	8.535729301440e-04	2.463082759890e-03	2.160457498740e-03
663                 	3.511307190110e-03	8.175355792890e-04	2.677106475350e-03	2.640058781240e-03
664                 	3.448378993540e-03	8.518807626430e-04	2.610693784630e-03	2.419696331160e-03
665                 	3.650247695260e-03	8.484026820320e-04	2.481685476010e-03	2.296057538450e-03
666                 	3.558944013890e-03	8.469071496520e-04	2.671577192080e-03	2.609010647540e-03
667                 	3.666624279460e-03	8.630168808250e-04	2.524339306010e-03	2.302125073950e-03
668                 	3.736948832180e-03	8.336512804210e-04	2.502845428850e-03	2.396513564510e-03
669                 	3.555782513350e-03	8.761988087280e-04	2.772071101200e-03	2.628934977650e-03
670                 	3.703209082380e-03	8.792934534050e-04	2.481613130840e-03	2.219626290260e-03
671                 	3.683207646010e-03	8.459139786380e-04	2.703936352690e-03	2.647995145780e-03
672                 	3.708966513420e-03	8.581711693310e-04	2.703020720430e-03	2.517295772840e-03
673                 	3.758109217740e-03	8.486229582670e-04	2.477430423080e-03	2.186532420970e-03
674                 	3.500055716020e-03	8.379845213560e-04	2.769984972580e-03	2.737130950770e-03
675                 	3.539764045890e-03	8.674836586540e-04	2.604814028480e-03	2.398164501790e-03
676                 	3.681205743570e-03	8.497097696290e-04	2.562066687580e-03	2.403467681810e-03
677                 	3.599824121900e-03	8.596073859610e-04	2.696861074000e-03	2.624031561760e-03
678                 	3.655503162530e-03	8.675463937720e-04	2.538053129820e-03	2.248463582720e-03
679                 	3.733380178700e-03	8.260101703780e-04	2.560011581230e-03	2.466816811880e-03
680                 	3.466458486770e-03	8.736961610480e-04	2.748202270350e-03	2.572268680000e-03
681                 	3.730208246040e-03	8.671081235180e-04	2.456621964090e-03	2.188346200970e-03
682                 	3.646776917790e-03	8.433741652610e-04	2.722127882040e-03	2.667084087140e-03
683                 	3.764296997690e-03	8.693608691600e-04	2.681579263860e-03	2.471037223130e-03
684                 	3.762048353100e-03	8.503370999540e-04	2.481483289910e-03	2.262025852010e-03
685                 	3.538266993120e-03	8.521635144980e-04	2.815437602250e-03	2.771500616720e-03
686                 	3.589527869280e-03	8.866062445020e-04	2.603118818740e-03	2.388291043660e-03
687                 	3.698551490630e-03	8.471026009920e-04	2.619781735360e-03	2.501648894160e-03
688                 	3.577360986960e-03	8.569485548990e-04	2.702063161250e-03	2.609440664920e-03
689                 	3.681502258830e-03	8.626874643480e-04	2.506630106060e-03	2.180646888710e-03
690                 	3.696625488050e-03	8.260218630060e-04	2.618870644960e-03	2.531523726440e-03
691                 	3.482088995690e-03	8.726093178930e-04	2.730399548010e-03	2.537430644140e-03
692                 	3.759232492190e-03	8.706157145630e-04	2.475779486320e-03	2.237940891360e-03
693                 	3.661035363010e-03	8.449255257800e-04	2.741953085410e-03	2.655812600570e-03
694                 	3.712420911100e-03	8.746180992550e-04	2.659143484460e-03	2.435552769470e-03
695                 	3.723563408790e-03	8.416709852900e-04	2.477409638300e-03	2.309916307400e-03
696                 	3.557044917380e-03	8.547874854420e-04	2.793627146920e-03	2.706931140690e-03
697                 	3.638701598290e-03	8.769668612750e-04	2.529121988380e-03	2.299515327350e-03
698                 	3.624256013610e-03	8.380422211280e-04	2.639658354800e-03	2.560063265570e-03
699                 	3.592488504140e-03	8.429585439220e-04	2.689893385710e-03	2.559033733280e-03
700                 	3.691241029620e-03	8.596599704480e-04	2.475070071020e-03	2.164655455670e-03
701                 	3.624184352580e-03	8.211744866340e-04	2.656170279020e-03	2.592499600640e-03
702                 	3.437943591160e-03	8.635389598690e-04	2.677447728450e-03	2.499511394720e-03
703                 	3.681207593280e-03	8.572069185910e-04	2.460071682660e-03	2.271252953290e-03
704                 	3.580128089750e-03	8.454961106510e-04	2.680876624800e-03	2.616734802690e-03
705                 	3.661254685980e-03	8.668239562010e-04	2.550618632560e-03	2.346926201630e-03
706                 	3.671246237560e-03	8.322040558910e-04	2.472591473390e-03	2.349726793180e-03
707                 	3.537413428720e-03	8.584133638190e-04	2.745995508720e-03	2.636322174050e-03
708                 	3.655910320820e-03	8.671583995900e-04	2.469443026000e-03	2.220175701200e-03
709                 	3.646210516980e-03	8.367854840260e-04	2.670660103190e-03	2.595565925240e-03
710                 	3.607577928980e-03	8.429411287070e-04	2.686149875250e-03	2.523402038850e-03
711                 	3.720762201030e-03	8.462018830930e-04	2.451734014380e-03	2.145652310020e-03
712                 	3.490551697650e-03	8.199794074840e-04	2.704557266860e-03	2.664736434270e-03
713                 	3.484309269990e-03	8.547090167810e-04	2.597389904500e-03	2.404111882720e-03
714                 	3.641524589870e-03	8.524227860850e-04	2.506743864270e-03	2.334493424200e-03
715                 	3.593463950140e-03	8.489011250470e-04	2.670809958220e-03	2.608477962680e-03
716                 	3.661637090050e-03	8.658138452280e-04	2.533305443870e-03	2.284869355860e-03
717                 	3.742664454240e-03	8.311973624570e-04	2.521086662670e-03	2.416424137100e-03
718                 	3.495805462970e-03	8.757103881970e-04	2.763437765680e-03	2.616748377310e-03
719                 	3.734445676020e-03	8.688896865770e-04	2.451587597620e-03	2.186244232980e-03
720                 	3.668933541320e-03	8.409975473860e-04	2.717470274460e-03	2.662711521660e-03
721                 	3.758611435360e-03	8.600907588990e-04	2.707314129110e-03	2.508748696310e-03
722                 	3.759651182260e-03	8.567863624720e-04	2.496349897410e-03	2.228157596280e-03
723                 	3.530814550040e-03	8.460716690210e-04	2.796124880070e-03	2.761296829910e-03
724                 	3.564535373910e-03	8.725251482500e-04	2.614471774200e-03	2.396343450050e-03
725                 	3.710254490620e-03	8.489767070030e-04	2.587266370850e-03	2.439870993260e-03
726                 	3.569297525960e-03	8.623584587940e-04	2.699507992810e-03	2.622729359230e-03
727                 	3.684798914230e-03	8.655031135380e-04	2.527942074130e-03	2.221200480320e-03
728                 	3.729076939890e-03	8.289551956150e-04	2.587453539240e-03	2.488090272820e-03
729                 	3.487372131540e-03	8.788848453210e-04	2.757767632160e-03	2.571160228920e-03
730                 	3.729806469240e-03	8.770275620810e-04	2.482381611150e-03	2.223619237230e-03
731                 	3.671262758780e-03	8.461570957770e-04	2.728658096950e-03	2.664898893230e-03
732                 	3.751002590500e-03	8.723781949370e-04	2.674884568510e-03	2.457564110470e-03
733                 	3.747766101910e-03	8.450515473920e-04	2.480184071730e-03	2.276629507520e-03
734                 	3.529758318730e-03	8.519096053400e-04	2.805317485540e-03	2.751215060040e-03
735                 	3.623826807970e-03	8.760933373080e-04	2.569944288500e-03	2.350304172430e-03
